service_id,monday,tuesday,wednesday,thursday,friday,saturday,sunday,start_date,end_date
251113_1111100,1,0,0,0,0,0,0,20131125,20131125
251113_0111100,1,0,0,0,0,0,0,20131125,20131125
251113_1111000,1,0,0,0,0,0,0,20131125,20131125
261113_1111100,0,1,0,0,0,0,0,20131126,20131126
261113_0111100,0,1,0,0,0,0,0,20131126,20131126
261113_1111000,0,1,0,0,0,0,0,20131126,20131126
271113_1111100,0,0,1,0,0,0,0,20131127,20131127
271113_0111100,0,0,1,0,0,0,0,20131127,20131127
271113_1111000,0,0,1,0,0,0,0,20131127,20131127
281113_1111100,0,0,0,1,0,0,0,20131128,20131128
281113_0111100,0,0,0,1,0,0,0,20131128,20131128
281113_0000100,0,0,0,1,0,0,0,20131128,20131128
291113_0000010,0,0,0,0,1,0,0,20131129,20131129
301113_0000001,0,0,0,0,0,1,0,20131130,20131130
011213_1111100,0,0,0,0,0,0,1,20131201,20131201
011213_1000000,0,0,0,0,0,0,1,20131201,20131201
011213_1111000,0,0,0,0,0,0,1,20131201,20131201
011213_1111110,0,0,0,0,0,0,1,20131201,20131201
021213_1111100,1,0,0,0,0,0,0,20131202,20131202
021213_0111100,1,0,0,0,0,0,0,20131202,20131202
021213_1111000,1,0,0,0,0,0,0,20131202,20131202
031213_1111100,0,1,0,0,0,0,0,20131203,20131203
031213_0111100,0,1,0,0,0,0,0,20131203,20131203
031213_1111000,0,1,0,0,0,0,0,20131203,20131203
041213_1111100,0,0,1,0,0,0,0,20131204,20131204
041213_0111100,0,0,1,0,0,0,0,20131204,20131204
041213_1111000,0,0,1,0,0,0,0,20131204,20131204
051213_1111100,0,0,0,1,0,0,0,20131205,20131205
051213_0111100,0,0,0,1,0,0,0,20131205,20131205
051213_0000100,0,0,0,1,0,0,0,20131205,20131205
061213_0000010,0,0,0,0,1,0,0,20131206,20131206
071213_0000001,0,0,0,0,0,1,0,20131207,20131207
081213_1111100,0,0,0,0,0,0,1,20131208,20131208
081213_1000000,0,0,0,0,0,0,1,20131208,20131208
081213_1111000,0,0,0,0,0,0,1,20131208,20131208
091213_1111100,1,0,0,0,0,0,0,20131209,20131209
091213_0111100,1,0,0,0,0,0,0,20131209,20131209
091213_1111000,1,0,0,0,0,0,0,20131209,20131209
101213_1111100,0,1,0,0,0,0,0,20131210,20131210
101213_0111100,0,1,0,0,0,0,0,20131210,20131210
101213_1111000,0,1,0,0,0,0,0,20131210,20131210
111213_1111100,0,0,1,0,0,0,0,20131211,20131211
111213_0111100,0,0,1,0,0,0,0,20131211,20131211
111213_1111000,0,0,1,0,0,0,0,20131211,20131211
121213_1111100,0,0,0,1,0,0,0,20131212,20131212
121213_0111100,0,0,0,1,0,0,0,20131212,20131212
121213_0000100,0,0,0,1,0,0,0,20131212,20131212
131213_0000010,0,0,0,0,1,0,0,20131213,20131213
141213_0000001,0,0,0,0,0,1,0,20131214,20131214
151213_1111100,0,0,0,0,0,0,1,20131215,20131215
151213_1000000,0,0,0,0,0,0,1,20131215,20131215
151213_1111000,0,0,0,0,0,0,1,20131215,20131215
161213_1111100,1,0,0,0,0,0,0,20131216,20131216
161213_0111100,1,0,0,0,0,0,0,20131216,20131216
161213_1111000,1,0,0,0,0,0,0,20131216,20131216
171213_1111100,0,1,0,0,0,0,0,20131217,20131217
171213_0111100,0,1,0,0,0,0,0,20131217,20131217
171213_1111000,0,1,0,0,0,0,0,20131217,20131217
181213_1111100,0,0,1,0,0,0,0,20131218,20131218
181213_0111100,0,0,1,0,0,0,0,20131218,20131218
181213_1111000,0,0,1,0,0,0,0,20131218,20131218
191213_1111100,0,0,0,1,0,0,0,20131219,20131219
191213_0111100,0,0,0,1,0,0,0,20131219,20131219
191213_0000100,0,0,0,1,0,0,0,20131219,20131219
201213_0000010,0,0,0,0,1,0,0,20131220,20131220
211213_0000001,0,0,0,0,0,1,0,20131221,20131221
221213_1111100,0,0,0,0,0,0,1,20131222,20131222
221213_1000000,0,0,0,0,0,0,1,20131222,20131222
221213_1111000,0,0,0,0,0,0,1,20131222,20131222
231213_1111100,1,0,0,0,0,0,0,20131223,20131223
231213_0111100,1,0,0,0,0,0,0,20131223,20131223
231213_1111000,1,0,0,0,0,0,0,20131223,20131223
241213_1111100,0,1,0,0,0,0,0,20131224,20131224
241213_0111100,0,1,0,0,0,0,0,20131224,20131224
241213_1111000,0,1,0,0,0,0,0,20131224,20131224
251213_1111100,0,0,1,0,0,0,0,20131225,20131225
251213_0111100,0,0,1,0,0,0,0,20131225,20131225
251213_1111000,0,0,1,0,0,0,0,20131225,20131225
261213_1111100,0,0,0,1,0,0,0,20131226,20131226
261213_0111100,0,0,0,1,0,0,0,20131226,20131226
261213_0000100,0,0,0,1,0,0,0,20131226,20131226
271213_0000010,0,0,0,0,1,0,0,20131227,20131227
281213_0000001,0,0,0,0,0,1,0,20131228,20131228
291213_1111100,0,0,0,0,0,0,1,20131229,20131229
291213_1000000,0,0,0,0,0,0,1,20131229,20131229
291213_1111000,0,0,0,0,0,0,1,20131229,20131229
301213_1111100,1,0,0,0,0,0,0,20131230,20131230
301213_0111100,1,0,0,0,0,0,0,20131230,20131230
301213_1111000,1,0,0,0,0,0,0,20131230,20131230
311213_1111100,0,1,0,0,0,0,0,20131231,20131231
311213_0111100,0,1,0,0,0,0,0,20131231,20131231
311213_1111000,0,1,0,0,0,0,0,20131231,20131231
010114_1111100,0,0,1,0,0,0,0,20140101,20140101
010114_0111100,0,0,1,0,0,0,0,20140101,20140101
010114_1111000,0,0,1,0,0,0,0,20140101,20140101
020114_1111100,0,0,0,1,0,0,0,20140102,20140102
020114_0111100,0,0,0,1,0,0,0,20140102,20140102
020114_0000100,0,0,0,1,0,0,0,20140102,20140102
030114_0000010,0,0,0,0,1,0,0,20140103,20140103
040114_0000001,0,0,0,0,0,1,0,20140104,20140104
050114_1111100,0,0,0,0,0,0,1,20140105,20140105
050114_1000000,0,0,0,0,0,0,1,20140105,20140105
050114_1111000,0,0,0,0,0,0,1,20140105,20140105
060114_1111100,1,0,0,0,0,0,0,20140106,20140106
060114_0111100,1,0,0,0,0,0,0,20140106,20140106
060114_1111000,1,0,0,0,0,0,0,20140106,20140106
070114_1111100,0,1,0,0,0,0,0,20140107,20140107
070114_0111100,0,1,0,0,0,0,0,20140107,20140107
070114_1111000,0,1,0,0,0,0,0,20140107,20140107
080114_1111100,0,0,1,0,0,0,0,20140108,20140108
080114_0111100,0,0,1,0,0,0,0,20140108,20140108
080114_1111000,0,0,1,0,0,0,0,20140108,20140108
090114_1111100,0,0,0,1,0,0,0,20140109,20140109
090114_0111100,0,0,0,1,0,0,0,20140109,20140109
090114_0000100,0,0,0,1,0,0,0,20140109,20140109
100114_0000010,0,0,0,0,1,0,0,20140110,20140110
110114_0000001,0,0,0,0,0,1,0,20140111,20140111
120114_1111100,0,0,0,0,0,0,1,20140112,20140112
120114_1000000,0,0,0,0,0,0,1,20140112,20140112
120114_1111000,0,0,0,0,0,0,1,20140112,20140112
130114_1111100,1,0,0,0,0,0,0,20140113,20140113
130114_0111100,1,0,0,0,0,0,0,20140113,20140113
130114_1111000,1,0,0,0,0,0,0,20140113,20140113
140114_1111100,0,1,0,0,0,0,0,20140114,20140114
140114_0111100,0,1,0,0,0,0,0,20140114,20140114
140114_1111000,0,1,0,0,0,0,0,20140114,20140114
150114_1111100,0,0,1,0,0,0,0,20140115,20140115
150114_0111100,0,0,1,0,0,0,0,20140115,20140115
150114_1111000,0,0,1,0,0,0,0,20140115,20140115
160114_1111100,0,0,0,1,0,0,0,20140116,20140116
160114_0111100,0,0,0,1,0,0,0,20140116,20140116
160114_0000100,0,0,0,1,0,0,0,20140116,20140116
170114_0000010,0,0,0,0,1,0,0,20140117,20140117
180114_0000001,0,0,0,0,0,1,0,20140118,20140118
190114_1111100,0,0,0,0,0,0,1,20140119,20140119
190114_1000000,0,0,0,0,0,0,1,20140119,20140119
190114_1111000,0,0,0,0,0,0,1,20140119,20140119
200114_1111100,1,0,0,0,0,0,0,20140120,20140120
200114_0111100,1,0,0,0,0,0,0,20140120,20140120
200114_1111000,1,0,0,0,0,0,0,20140120,20140120
210114_1111100,0,1,0,0,0,0,0,20140121,20140121
210114_0111100,0,1,0,0,0,0,0,20140121,20140121
210114_1111000,0,1,0,0,0,0,0,20140121,20140121
220114_1111100,0,0,1,0,0,0,0,20140122,20140122
220114_0111100,0,0,1,0,0,0,0,20140122,20140122
220114_1111000,0,0,1,0,0,0,0,20140122,20140122
230114_1111100,0,0,0,1,0,0,0,20140123,20140123
230114_0111100,0,0,0,1,0,0,0,20140123,20140123
230114_0000100,0,0,0,1,0,0,0,20140123,20140123
240114_0000010,0,0,0,0,1,0,0,20140124,20140124
250114_0000001,0,0,0,0,0,1,0,20140125,20140125
260114_1111100,0,0,0,0,0,0,1,20140126,20140126
260114_1000000,0,0,0,0,0,0,1,20140126,20140126
260114_1111000,0,0,0,0,0,0,1,20140126,20140126
270114_1111100,1,0,0,0,0,0,0,20140127,20140127
270114_0111100,1,0,0,0,0,0,0,20140127,20140127
270114_1111000,1,0,0,0,0,0,0,20140127,20140127
280114_1111100,0,1,0,0,0,0,0,20140128,20140128
280114_0111100,0,1,0,0,0,0,0,20140128,20140128
280114_1111000,0,1,0,0,0,0,0,20140128,20140128
290114_1111100,0,0,1,0,0,0,0,20140129,20140129
290114_0111100,0,0,1,0,0,0,0,20140129,20140129
290114_1111000,0,0,1,0,0,0,0,20140129,20140129
300114_1111100,0,0,0,1,0,0,0,20140130,20140130
300114_0111100,0,0,0,1,0,0,0,20140130,20140130
300114_0000100,0,0,0,1,0,0,0,20140130,20140130
310114_0000010,0,0,0,0,1,0,0,20140131,20140131
010214_0000001,0,0,0,0,0,1,0,20140201,20140201
020214_1111100,0,0,0,0,0,0,1,20140202,20140202
020214_1000000,0,0,0,0,0,0,1,20140202,20140202
020214_1111000,0,0,0,0,0,0,1,20140202,20140202
030214_1111100,1,0,0,0,0,0,0,20140203,20140203
030214_0111100,1,0,0,0,0,0,0,20140203,20140203
030214_1111000,1,0,0,0,0,0,0,20140203,20140203
040214_1111100,0,1,0,0,0,0,0,20140204,20140204
040214_0111100,0,1,0,0,0,0,0,20140204,20140204
040214_1111000,0,1,0,0,0,0,0,20140204,20140204
050214_1111100,0,0,1,0,0,0,0,20140205,20140205
050214_0111100,0,0,1,0,0,0,0,20140205,20140205
050214_1111000,0,0,1,0,0,0,0,20140205,20140205
060214_1111100,0,0,0,1,0,0,0,20140206,20140206
060214_0111100,0,0,0,1,0,0,0,20140206,20140206
060214_0000100,0,0,0,1,0,0,0,20140206,20140206
070214_0000010,0,0,0,0,1,0,0,20140207,20140207
080214_0000001,0,0,0,0,0,1,0,20140208,20140208
090214_1111100,0,0,0,0,0,0,1,20140209,20140209
090214_1000000,0,0,0,0,0,0,1,20140209,20140209
090214_1111000,0,0,0,0,0,0,1,20140209,20140209
100214_1111100,1,0,0,0,0,0,0,20140210,20140210
100214_0111100,1,0,0,0,0,0,0,20140210,20140210
100214_1111000,1,0,0,0,0,0,0,20140210,20140210
110214_1111100,0,1,0,0,0,0,0,20140211,20140211
110214_0111100,0,1,0,0,0,0,0,20140211,20140211
110214_1111000,0,1,0,0,0,0,0,20140211,20140211
120214_1111100,0,0,1,0,0,0,0,20140212,20140212
120214_0111100,0,0,1,0,0,0,0,20140212,20140212
120214_1111000,0,0,1,0,0,0,0,20140212,20140212
130214_1111100,0,0,0,1,0,0,0,20140213,20140213
130214_0111100,0,0,0,1,0,0,0,20140213,20140213
130214_0000100,0,0,0,1,0,0,0,20140213,20140213
140214_0000010,0,0,0,0,1,0,0,20140214,20140214
150214_0000001,0,0,0,0,0,1,0,20140215,20140215
160214_1111100,0,0,0,0,0,0,1,20140216,20140216
160214_1000000,0,0,0,0,0,0,1,20140216,20140216
160214_1111000,0,0,0,0,0,0,1,20140216,20140216
170214_1111100,1,0,0,0,0,0,0,20140217,20140217
170214_0111100,1,0,0,0,0,0,0,20140217,20140217
170214_1111000,1,0,0,0,0,0,0,20140217,20140217
180214_1111100,0,1,0,0,0,0,0,20140218,20140218
180214_0111100,0,1,0,0,0,0,0,20140218,20140218
180214_1111000,0,1,0,0,0,0,0,20140218,20140218
190214_1111100,0,0,1,0,0,0,0,20140219,20140219
190214_0111100,0,0,1,0,0,0,0,20140219,20140219
190214_1111000,0,0,1,0,0,0,0,20140219,20140219
200214_1111100,0,0,0,1,0,0,0,20140220,20140220
200214_0111100,0,0,0,1,0,0,0,20140220,20140220
200214_0000100,0,0,0,1,0,0,0,20140220,20140220
210214_0000010,0,0,0,0,1,0,0,20140221,20140221
220214_0000001,0,0,0,0,0,1,0,20140222,20140222
230214_1111100,0,0,0,0,0,0,1,20140223,20140223
230214_1000000,0,0,0,0,0,0,1,20140223,20140223
230214_1111000,0,0,0,0,0,0,1,20140223,20140223
240214_1111100,1,0,0,0,0,0,0,20140224,20140224
240214_0111100,1,0,0,0,0,0,0,20140224,20140224
240214_1111000,1,0,0,0,0,0,0,20140224,20140224
250214_1111100,0,1,0,0,0,0,0,20140225,20140225
250214_0111100,0,1,0,0,0,0,0,20140225,20140225
250214_1111000,0,1,0,0,0,0,0,20140225,20140225
260214_1111100,0,0,1,0,0,0,0,20140226,20140226
260214_0111100,0,0,1,0,0,0,0,20140226,20140226
260214_1111000,0,0,1,0,0,0,0,20140226,20140226
270214_1111100,0,0,0,1,0,0,0,20140227,20140227
270214_0111100,0,0,0,1,0,0,0,20140227,20140227
270214_0000100,0,0,0,1,0,0,0,20140227,20140227
280214_0000010,0,0,0,0,1,0,0,20140228,20140228
010314_0000001,0,0,0,0,0,1,0,20140301,20140301
020314_1111100,0,0,0,0,0,0,1,20140302,20140302
020314_1000000,0,0,0,0,0,0,1,20140302,20140302
020314_1111000,0,0,0,0,0,0,1,20140302,20140302
030314_1111100,1,0,0,0,0,0,0,20140303,20140303
030314_0111100,1,0,0,0,0,0,0,20140303,20140303
030314_1111000,1,0,0,0,0,0,0,20140303,20140303
040314_1111100,0,1,0,0,0,0,0,20140304,20140304
040314_0111100,0,1,0,0,0,0,0,20140304,20140304
040314_1111000,0,1,0,0,0,0,0,20140304,20140304
050314_1111100,0,0,1,0,0,0,0,20140305,20140305
050314_0111100,0,0,1,0,0,0,0,20140305,20140305
050314_1111000,0,0,1,0,0,0,0,20140305,20140305
060314_1111100,0,0,0,1,0,0,0,20140306,20140306
060314_0111100,0,0,0,1,0,0,0,20140306,20140306
060314_0000100,0,0,0,1,0,0,0,20140306,20140306
070314_0000010,0,0,0,0,1,0,0,20140307,20140307
080314_0000001,0,0,0,0,0,1,0,20140308,20140308
090314_1111100,0,0,0,0,0,0,1,20140309,20140309
090314_1000000,0,0,0,0,0,0,1,20140309,20140309
090314_1111000,0,0,0,0,0,0,1,20140309,20140309
100314_1111100,1,0,0,0,0,0,0,20140310,20140310
100314_0111100,1,0,0,0,0,0,0,20140310,20140310
100314_1111000,1,0,0,0,0,0,0,20140310,20140310
110314_1111100,0,1,0,0,0,0,0,20140311,20140311
110314_0111100,0,1,0,0,0,0,0,20140311,20140311
110314_1111000,0,1,0,0,0,0,0,20140311,20140311
120314_1111100,0,0,1,0,0,0,0,20140312,20140312
120314_0111100,0,0,1,0,0,0,0,20140312,20140312
120314_1111000,0,0,1,0,0,0,0,20140312,20140312
130314_1111100,0,0,0,1,0,0,0,20140313,20140313
130314_0111100,0,0,0,1,0,0,0,20140313,20140313
130314_0000100,0,0,0,1,0,0,0,20140313,20140313
140314_0000010,0,0,0,0,1,0,0,20140314,20140314
150314_0000001,0,0,0,0,0,1,0,20140315,20140315
160314_1111100,0,0,0,0,0,0,1,20140316,20140316
160314_1000000,0,0,0,0,0,0,1,20140316,20140316
160314_1111000,0,0,0,0,0,0,1,20140316,20140316
170314_1111100,1,0,0,0,0,0,0,20140317,20140317
170314_0111100,1,0,0,0,0,0,0,20140317,20140317
170314_1111000,1,0,0,0,0,0,0,20140317,20140317
180314_1111100,0,1,0,0,0,0,0,20140318,20140318
180314_0111100,0,1,0,0,0,0,0,20140318,20140318
180314_1111000,0,1,0,0,0,0,0,20140318,20140318
190314_1111100,0,0,1,0,0,0,0,20140319,20140319
190314_0111100,0,0,1,0,0,0,0,20140319,20140319
190314_1111000,0,0,1,0,0,0,0,20140319,20140319
200314_1111100,0,0,0,1,0,0,0,20140320,20140320
200314_0111100,0,0,0,1,0,0,0,20140320,20140320
200314_0000100,0,0,0,1,0,0,0,20140320,20140320
210314_0000010,0,0,0,0,1,0,0,20140321,20140321
220314_0000001,0,0,0,0,0,1,0,20140322,20140322
230314_1111100,0,0,0,0,0,0,1,20140323,20140323
230314_1000000,0,0,0,0,0,0,1,20140323,20140323
230314_1111000,0,0,0,0,0,0,1,20140323,20140323
240314_1111100,1,0,0,0,0,0,0,20140324,20140324
240314_0111100,1,0,0,0,0,0,0,20140324,20140324
240314_1111000,1,0,0,0,0,0,0,20140324,20140324
250314_1111100,0,1,0,0,0,0,0,20140325,20140325
250314_0111100,0,1,0,0,0,0,0,20140325,20140325
250314_1111000,0,1,0,0,0,0,0,20140325,20140325
260314_1111100,0,0,1,0,0,0,0,20140326,20140326
260314_0111100,0,0,1,0,0,0,0,20140326,20140326
260314_1111000,0,0,1,0,0,0,0,20140326,20140326
270314_1111100,0,0,0,1,0,0,0,20140327,20140327
270314_0111100,0,0,0,1,0,0,0,20140327,20140327
270314_0000100,0,0,0,1,0,0,0,20140327,20140327
280314_0000010,0,0,0,0,1,0,0,20140328,20140328
290314_0000001,0,0,0,0,0,1,0,20140329,20140329
300314_1111100,0,0,0,0,0,0,1,20140330,20140330
300314_1000000,0,0,0,0,0,0,1,20140330,20140330
300314_1111000,0,0,0,0,0,0,1,20140330,20140330
310314_1111100,1,0,0,0,0,0,0,20140331,20140331
310314_0111100,1,0,0,0,0,0,0,20140331,20140331
310314_1111000,1,0,0,0,0,0,0,20140331,20140331
010414_1111100,0,1,0,0,0,0,0,20140401,20140401
010414_0111100,0,1,0,0,0,0,0,20140401,20140401
010414_1111000,0,1,0,0,0,0,0,20140401,20140401
020414_1111100,0,0,1,0,0,0,0,20140402,20140402
020414_0111100,0,0,1,0,0,0,0,20140402,20140402
020414_1111000,0,0,1,0,0,0,0,20140402,20140402
030414_1111100,0,0,0,1,0,0,0,20140403,20140403
030414_0111100,0,0,0,1,0,0,0,20140403,20140403
030414_0000100,0,0,0,1,0,0,0,20140403,20140403
040414_0000010,0,0,0,0,1,0,0,20140404,20140404
050414_0000001,0,0,0,0,0,1,0,20140405,20140405
060414_1111100,0,0,0,0,0,0,1,20140406,20140406
060414_1000000,0,0,0,0,0,0,1,20140406,20140406
060414_1111000,0,0,0,0,0,0,1,20140406,20140406
070414_1111100,1,0,0,0,0,0,0,20140407,20140407
070414_0111100,1,0,0,0,0,0,0,20140407,20140407
070414_1111000,1,0,0,0,0,0,0,20140407,20140407
080414_1111100,0,1,0,0,0,0,0,20140408,20140408
080414_0111100,0,1,0,0,0,0,0,20140408,20140408
080414_1111000,0,1,0,0,0,0,0,20140408,20140408
090414_1111100,0,0,1,0,0,0,0,20140409,20140409
090414_0111100,0,0,1,0,0,0,0,20140409,20140409
090414_1111000,0,0,1,0,0,0,0,20140409,20140409
100414_1111100,0,0,0,1,0,0,0,20140410,20140410
100414_0111100,0,0,0,1,0,0,0,20140410,20140410
100414_0000100,0,0,0,1,0,0,0,20140410,20140410
110414_0000010,0,0,0,0,1,0,0,20140411,20140411
120414_0000001,0,0,0,0,0,1,0,20140412,20140412
130414_1111100,0,0,0,0,0,0,1,20140413,20140413
130414_1000000,0,0,0,0,0,0,1,20140413,20140413
130414_1111000,0,0,0,0,0,0,1,20140413,20140413
140414_1111100,1,0,0,0,0,0,0,20140414,20140414
140414_0111100,1,0,0,0,0,0,0,20140414,20140414
140414_1111000,1,0,0,0,0,0,0,20140414,20140414
150414_1111100,0,1,0,0,0,0,0,20140415,20140415
150414_0111100,0,1,0,0,0,0,0,20140415,20140415
150414_1111000,0,1,0,0,0,0,0,20140415,20140415
160414_1111100,0,0,1,0,0,0,0,20140416,20140416
160414_0111100,0,0,1,0,0,0,0,20140416,20140416
160414_1111000,0,0,1,0,0,0,0,20140416,20140416
170414_1111100,0,0,0,1,0,0,0,20140417,20140417
170414_0111100,0,0,0,1,0,0,0,20140417,20140417
170414_0000100,0,0,0,1,0,0,0,20140417,20140417
180414_0000010,0,0,0,0,1,0,0,20140418,20140418
190414_0000001,0,0,0,0,0,1,0,20140419,20140419
200414_1111100,0,0,0,0,0,0,1,20140420,20140420
200414_1000000,0,0,0,0,0,0,1,20140420,20140420
200414_1111000,0,0,0,0,0,0,1,20140420,20140420
210414_1111100,1,0,0,0,0,0,0,20140421,20140421
210414_0111100,1,0,0,0,0,0,0,20140421,20140421
210414_1111000,1,0,0,0,0,0,0,20140421,20140421
220414_1111100,0,1,0,0,0,0,0,20140422,20140422
220414_0111100,0,1,0,0,0,0,0,20140422,20140422
220414_1111000,0,1,0,0,0,0,0,20140422,20140422
230414_1111100,0,0,1,0,0,0,0,20140423,20140423
230414_0111100,0,0,1,0,0,0,0,20140423,20140423
230414_1111000,0,0,1,0,0,0,0,20140423,20140423
240414_1111100,0,0,0,1,0,0,0,20140424,20140424
240414_0111100,0,0,0,1,0,0,0,20140424,20140424
240414_0000100,0,0,0,1,0,0,0,20140424,20140424
250414_0000010,0,0,0,0,1,0,0,20140425,20140425
260414_0000001,0,0,0,0,0,1,0,20140426,20140426
270414_1111100,0,0,0,0,0,0,1,20140427,20140427
270414_1000000,0,0,0,0,0,0,1,20140427,20140427
270414_1111000,0,0,0,0,0,0,1,20140427,20140427
280414_1111100,1,0,0,0,0,0,0,20140428,20140428
280414_0111100,1,0,0,0,0,0,0,20140428,20140428
280414_1111000,1,0,0,0,0,0,0,20140428,20140428
290414_1111100,0,1,0,0,0,0,0,20140429,20140429
290414_0111100,0,1,0,0,0,0,0,20140429,20140429
290414_1111000,0,1,0,0,0,0,0,20140429,20140429
300414_1111100,0,0,1,0,0,0,0,20140430,20140430
300414_0111100,0,0,1,0,0,0,0,20140430,20140430
300414_1111000,0,0,1,0,0,0,0,20140430,20140430
010514_1111100,0,0,0,1,0,0,0,20140501,20140501
010514_0111100,0,0,0,1,0,0,0,20140501,20140501
010514_0000100,0,0,0,1,0,0,0,20140501,20140501
020514_0000010,0,0,0,0,1,0,0,20140502,20140502
030514_0000001,0,0,0,0,0,1,0,20140503,20140503
040514_1111100,0,0,0,0,0,0,1,20140504,20140504
040514_1000000,0,0,0,0,0,0,1,20140504,20140504
040514_1111000,0,0,0,0,0,0,1,20140504,20140504
050514_1111100,1,0,0,0,0,0,0,20140505,20140505
050514_0111100,1,0,0,0,0,0,0,20140505,20140505
050514_1111000,1,0,0,0,0,0,0,20140505,20140505
060514_1111100,0,1,0,0,0,0,0,20140506,20140506
060514_0111100,0,1,0,0,0,0,0,20140506,20140506
060514_1111000,0,1,0,0,0,0,0,20140506,20140506
070514_1111100,0,0,1,0,0,0,0,20140507,20140507
070514_0111100,0,0,1,0,0,0,0,20140507,20140507
070514_1111000,0,0,1,0,0,0,0,20140507,20140507
080514_1111100,0,0,0,1,0,0,0,20140508,20140508
080514_0111100,0,0,0,1,0,0,0,20140508,20140508
080514_0000100,0,0,0,1,0,0,0,20140508,20140508
090514_0000010,0,0,0,0,1,0,0,20140509,20140509
100514_0000001,0,0,0,0,0,1,0,20140510,20140510
110514_1111100,0,0,0,0,0,0,1,20140511,20140511
110514_1000000,0,0,0,0,0,0,1,20140511,20140511
110514_1111000,0,0,0,0,0,0,1,20140511,20140511
120514_1111100,1,0,0,0,0,0,0,20140512,20140512
120514_0111100,1,0,0,0,0,0,0,20140512,20140512
120514_1111000,1,0,0,0,0,0,0,20140512,20140512
130514_1111100,0,1,0,0,0,0,0,20140513,20140513
130514_0111100,0,1,0,0,0,0,0,20140513,20140513
130514_1111000,0,1,0,0,0,0,0,20140513,20140513
140514_1111100,0,0,1,0,0,0,0,20140514,20140514
140514_0111100,0,0,1,0,0,0,0,20140514,20140514
140514_1111000,0,0,1,0,0,0,0,20140514,20140514
150514_1111100,0,0,0,1,0,0,0,20140515,20140515
150514_0111100,0,0,0,1,0,0,0,20140515,20140515
150514_0000100,0,0,0,1,0,0,0,20140515,20140515
160514_0000010,0,0,0,0,1,0,0,20140516,20140516
170514_0000001,0,0,0,0,0,1,0,20140517,20140517
180514_1111100,0,0,0,0,0,0,1,20140518,20140518
180514_1000000,0,0,0,0,0,0,1,20140518,20140518
180514_1111000,0,0,0,0,0,0,1,20140518,20140518
190514_1111100,1,0,0,0,0,0,0,20140519,20140519
190514_0111100,1,0,0,0,0,0,0,20140519,20140519
190514_1111000,1,0,0,0,0,0,0,20140519,20140519
200514_1111100,0,1,0,0,0,0,0,20140520,20140520
200514_0111100,0,1,0,0,0,0,0,20140520,20140520
200514_1111000,0,1,0,0,0,0,0,20140520,20140520
210514_1111100,0,0,1,0,0,0,0,20140521,20140521
210514_0111100,0,0,1,0,0,0,0,20140521,20140521
210514_1111000,0,0,1,0,0,0,0,20140521,20140521
220514_1111100,0,0,0,1,0,0,0,20140522,20140522
220514_0111100,0,0,0,1,0,0,0,20140522,20140522
220514_0000100,0,0,0,1,0,0,0,20140522,20140522
230514_0000010,0,0,0,0,1,0,0,20140523,20140523
240514_0000001,0,0,0,0,0,1,0,20140524,20140524
250514_1111100,0,0,0,0,0,0,1,20140525,20140525
250514_1000000,0,0,0,0,0,0,1,20140525,20140525
250514_1111000,0,0,0,0,0,0,1,20140525,20140525
